VITE_BASE_PATH="prüfungsfragen"
VITE_GEO_ANSWER=52.50355237609428, 13.439302642775264
VITE_SUCCESS_DURATION=3000
